 1 0.006 ∓ 0.003   0.006 ∓ 0.002 
 2 0.005 ∓ 0.001   0.005 ∓ 0.001 
 3 0.005 ∓ 0.001   0.006 ∓ 0.002 
 4 0.005 ∓ 0.001   0.006 ∓ 0.003 
 5 0.005 ∓ 0.002   0.005 ∓ 0.001 
 6 0.006 ∓ 0.002   0.005 ∓ 0.001 
 7 0.006 ∓ 0.002   0.006 ∓ 0.002 
 8 0.007 ∓ 0.001   0.007 ∓ 0.002 
 9 0.009 ∓ 0.003   0.009 ∓ 0.002 
10 0.013 ∓ 0.003   0.014 ∓ 0.003 
11 0.019 ∓ 0.004   0.022 ∓ 0.007 
12 0.029 ∓ 0.008   0.036 ∓ 0.013 
13 0.060 ∓ 0.018   0.090 ∓ 0.039 
14 0.100 ∓ 0.041   0.191 ∓ 0.110 
15 0.180 ∓ 0.076   0.453 ∓ 0.311 
16 0.406 ∓ 0.185   1.715 ∓ 1.400 
17 0.717 ∓ 0.397   5.416 ∓ 5.266 
18 1.325 ∓ 0.754   15.890 ∓ 17.726 
19 2.771 ∓ 1.603   69.600 ∓ 82.342 