 1   0.005 ∓ 0.004   0.028 ∓ 0.006
 2   0.004 ∓ 0.000   0.038 ∓ 0.008
 3   0.004 ∓ 0.000   0.039 ∓ 0.007
 4   0.004 ∓ 0.000   0.047 ∓ 0.008
 5   0.005 ∓ 0.000   0.058 ∓ 0.009
 6   0.005 ∓ 0.000   0.061 ∓ 0.010
 7   0.005 ∓ 0.000   0.070 ∓ 0.013
 8   0.006 ∓ 0.000   0.079 ∓ 0.013
 9   0.008 ∓ 0.001   0.104 ∓ 0.021
10   0.011 ∓ 0.001   0.146 ∓ 0.027
11   0.017 ∓ 0.004   0.227 ∓ 0.062
12   0.029 ∓ 0.007   0.385 ∓ 0.113
13   0.049 ∓ 0.015   0.640 ∓ 0.237
14   0.104 ∓ 0.037   1.337 ∓ 0.513
15   0.163 ∓ 0.078   2.010 ∓ 1.096
16   0.360 ∓ 0.163   4.483 ∓ 2.030
17   0.664 ∓ 0.362   8.072 ∓ 4.370
18   1.250 ∓ 0.690   14.341 ∓ 8.062
19   2.936 ∓ 1.629   34.639 ∓ 19.074
20   5.024 ∓ 3.097   61.038 ∓ 38.250
21   11.997 ∓ 7.637   144.610 ∓ 89.521