31 1 1 50
32 3 3 50
33 1 1 50
34 0 0 50
35 2 2 50
36 1 1 50
37 1 1 50
38 2 2 50
39 0 0 50
40 1 1 50
41 1 1 50
42 2 2 50
43 1 1 50
44 1 1 50
45 3 3 50
46 1 1 50
47 1 1 50
48 3 3 50
49 2 2 50
50 1 1 50
51 0 0 50
52 0 0 50
53 1 1 50
54 1 1 50
55 3 3 50
56 2 2 50
57 0 0 50
58 2 2 50
59 0 0 50
60 2 2 50
61 2 2 50
62 2 2 50
63 2 2 50
64 0 0 50
65 1 1 50
66 1 1 50
67 1 1 50
68 2 2 50
69 3 3 50
70 0 0 50
71 2 2 50
72 1 1 50
73 2 2 50
74 1 1 50
75 1 1 50
76 3 3 50
77 3 3 50
78 0 0 50
79 1 1 50
80 0 0 50
81 1 1 50
82 2 2 50
83 1 1 50
84 1 1 50
85 1 1 50
86 1 1 50
87 2 2 50
88 1 1 50
89 0 0 50
90 1 1 50
91 0 0 50
92 1 1 50
93 0 0 50
94 2 2 50
95 0 0 50
96 1 1 50
97 1 1 50
98 0 0 50
99 0 0 50
100 0 0 50