31  0.014 ∓ 0.008  0.007 ∓ 0.002  0.372 ∓ 0.352
32  0.012 ∓ 0.007  0.007 ∓ 0.002  0.443 ∓ 0.394
33  0.014 ∓ 0.007  0.007 ∓ 0.001  0.570 ∓ 0.538
34  0.014 ∓ 0.008  0.007 ∓ 0.001  0.440 ∓ 0.424
35  0.014 ∓ 0.009  0.007 ∓ 0.001  0.565 ∓ 0.498
36  0.017 ∓ 0.011  0.007 ∓ 0.001  0.634 ∓ 0.638
37  0.012 ∓ 0.009  0.007 ∓ 0.001  0.594 ∓ 0.656
38  0.017 ∓ 0.011  0.008 ∓ 0.001  0.984 ∓ 0.900
39  0.017 ∓ 0.011  0.008 ∓ 0.002  1.067 ∓ 1.000
40  0.016 ∓ 0.011  0.008 ∓ 0.002  1.268 ∓ 1.064
41  0.019 ∓ 0.012  0.008 ∓ 0.002  1.382 ∓ 1.174
42  0.016 ∓ 0.014  0.008 ∓ 0.002  1.111 ∓ 1.209
43  0.020 ∓ 0.016  0.009 ∓ 0.002  1.318 ∓ 1.189
44  0.021 ∓ 0.015  0.009 ∓ 0.002  1.636 ∓ 1.452
45  0.023 ∓ 0.018  0.009 ∓ 0.002  1.664 ∓ 1.355
46  0.025 ∓ 0.020  0.009 ∓ 0.002  1.598 ∓ 1.448
47  0.024 ∓ 0.018  0.009 ∓ 0.002  1.896 ∓ 1.551
48  0.030 ∓ 0.025  0.010 ∓ 0.003  1.763 ∓ 1.638
49  0.022 ∓ 0.020  0.009 ∓ 0.003  1.594 ∓ 1.687
50  0.030 ∓ 0.023  0.010 ∓ 0.003  2.564 ∓ 1.847
51  0.026 ∓ 0.023  0.010 ∓ 0.003  2.376 ∓ 1.646
52  0.035 ∓ 0.025  0.011 ∓ 0.003  3.073 ∓ 2.072
53  0.027 ∓ 0.022  0.010 ∓ 0.003  2.930 ∓ 1.902
54  0.031 ∓ 0.026  0.011 ∓ 0.003  3.251 ∓ 2.395
55  0.035 ∓ 0.031  0.012 ∓ 0.004  2.983 ∓ 2.311
56  0.037 ∓ 0.032  0.012 ∓ 0.004  3.306 ∓ 2.488
57  0.033 ∓ 0.030  0.012 ∓ 0.004  3.225 ∓ 2.527
58  0.035 ∓ 0.033  0.012 ∓ 0.004  3.188 ∓ 2.679
59  0.035 ∓ 0.033  0.012 ∓ 0.004  3.113 ∓ 2.576
60  0.034 ∓ 0.038  0.012 ∓ 0.004  3.015 ∓ 2.675
61  0.030 ∓ 0.033  0.011 ∓ 0.004  3.156 ∓ 2.835
62  0.046 ∓ 0.039  0.014 ∓ 0.005  4.296 ∓ 3.059
63  0.048 ∓ 0.041  0.014 ∓ 0.005  4.806 ∓ 3.195
64  0.057 ∓ 0.046  0.015 ∓ 0.005  5.339 ∓ 3.262
65  0.050 ∓ 0.043  0.015 ∓ 0.005  5.426 ∓ 2.966
66  0.049 ∓ 0.043  0.015 ∓ 0.005  5.102 ∓ 3.523
67  0.056 ∓ 0.054  0.016 ∓ 0.006  4.774 ∓ 3.537
68  0.050 ∓ 0.047  0.015 ∓ 0.006  5.380 ∓ 4.154
69  0.047 ∓ 0.049  0.015 ∓ 0.006  4.922 ∓ 3.555
70  0.065 ∓ 0.059  0.018 ∓ 0.007  5.625 ∓ 3.971
71  0.070 ∓ 0.064  0.018 ∓ 0.008  5.838 ∓ 4.195
72  0.062 ∓ 0.052  0.018 ∓ 0.007  6.774 ∓ 4.048
73  0.079 ∓ 0.067  0.020 ∓ 0.007  7.015 ∓ 3.899
74  0.067 ∓ 0.061  0.018 ∓ 0.007  6.722 ∓ 4.749
75  0.083 ∓ 0.063  0.021 ∓ 0.008  8.072 ∓ 4.715
76  0.071 ∓ 0.077  0.018 ∓ 0.008  5.628 ∓ 4.020
77  0.073 ∓ 0.070  0.020 ∓ 0.008  7.497 ∓ 4.907
78  0.074 ∓ 0.066  0.020 ∓ 0.008  7.957 ∓ 4.980
79  0.082 ∓ 0.078  0.021 ∓ 0.009  7.649 ∓ 4.791
80  0.082 ∓ 0.080  0.021 ∓ 0.010  7.660 ∓ 5.344
81  0.087 ∓ 0.078  0.022 ∓ 0.010  8.236 ∓ 5.106
82  0.093 ∓ 0.087  0.023 ∓ 0.011  8.185 ∓ 6.163
83  0.103 ∓ 0.098  0.024 ∓ 0.011  8.887 ∓ 5.924
84  0.096 ∓ 0.089  0.024 ∓ 0.011  8.850 ∓ 5.950
85  0.085 ∓ 0.082  0.023 ∓ 0.010  8.943 ∓ 6.050
86  0.112 ∓ 0.110  0.025 ∓ 0.012  9.092 ∓ 6.558
87  0.124 ∓ 0.102  0.029 ∓ 0.012  11.370 ∓ 6.633
88  0.095 ∓ 0.094  0.024 ∓ 0.012  9.260 ∓ 6.553
89  0.103 ∓ 0.085  0.026 ∓ 0.011  11.197 ∓ 6.396
90  0.117 ∓ 0.115  0.026 ∓ 0.013  10.250 ∓ 7.459
91  0.113 ∓ 0.113  0.027 ∓ 0.013  10.348 ∓ 7.420
92  0.146 ∓ 0.137  0.030 ∓ 0.015  11.383 ∓ 7.464
93  0.126 ∓ 0.130  0.028 ∓ 0.014  11.268 ∓ 8.560
94  0.094 ∓ 0.099  0.026 ∓ 0.012  11.075 ∓ 6.990
95  0.118 ∓ 0.120  0.028 ∓ 0.014  12.562 ∓ 8.489
96  0.132 ∓ 0.142  0.030 ∓ 0.015  11.784 ∓ 8.561
97  0.114 ∓ 0.099  0.029 ∓ 0.014  13.472 ∓ 8.580
98  0.140 ∓ 0.134  0.031 ∓ 0.015  14.076 ∓ 9.731
99  0.131 ∓ 0.154  0.029 ∓ 0.016  11.675 ∓ 8.508
100  0.139 ∓ 0.146  0.033 ∓ 0.017  13.776 ∓ 9.464