 1  0.004 ∓ 0.000  0.004 ∓ 0.000   0.004 ∓ 0.000 
 2  0.004 ∓ 0.000  0.004 ∓ 0.000   0.004 ∓ 0.000 
 3  0.004 ∓ 0.000  0.004 ∓ 0.000   0.012 ∓ 0.007 
 4  0.004 ∓ 0.000  0.004 ∓ 0.000   0.015 ∓ 0.005 
 5  0.004 ∓ 0.000  0.005 ∓ 0.000   0.015 ∓ 0.006 
 6  0.005 ∓ 0.000  0.005 ∓ 0.000   0.017 ∓ 0.005 
 7  0.004 ∓ 0.000  0.005 ∓ 0.000   0.017 ∓ 0.004 
 8  0.005 ∓ 0.000  0.006 ∓ 0.001   0.019 ∓ 0.003 
 9  0.006 ∓ 0.003  0.008 ∓ 0.001   0.021 ∓ 0.003 
10  0.006 ∓ 0.001  0.011 ∓ 0.002   0.023 ∓ 0.004 
11  0.007 ∓ 0.001  0.017 ∓ 0.004   0.026 ∓ 0.004 
12  0.010 ∓ 0.003  0.029 ∓ 0.009   0.034 ∓ 0.006 
13  0.013 ∓ 0.006  0.047 ∓ 0.016   0.044 ∓ 0.011 
14  0.024 ∓ 0.013  0.094 ∓ 0.034   0.068 ∓ 0.023 
15  0.043 ∓ 0.026  0.186 ∓ 0.074   0.113 ∓ 0.042 
16  0.083 ∓ 0.060  0.339 ∓ 0.168   0.187 ∓ 0.082 
17  0.161 ∓ 0.122  0.650 ∓ 0.347   0.326 ∓ 0.175 
18  0.321 ∓ 0.233  1.482 ∓ 0.768   0.703 ∓ 0.380 
19  0.620 ∓ 0.447  2.711 ∓ 1.562   1.309 ∓ 0.729 
20  1.312 ∓ 0.970  5.007 ∓ 3.302   2.478 ∓ 1.547 
21  2.494 ∓ 1.893  11.125 ∓ 6.749   5.458 ∓ 3.294 
22  4.589 ∓ 4.122  19.085 ∓ 15.147   8.832 ∓ 6.846 
23  12.228 ∓ 7.922  40.323 ∓ 29.649   18.891 ∓ 12.786 