 1 2.0 ∓  0.0    2.0 ∓  0.0    2.0 ∓  0.0 
 2 3.8 ∓  0.4    3.8 ∓  0.4    3.8 ∓  0.4 
 3 7.2 ∓  1.1    7.0 ∓  1.3    7.2 ∓  1.1 
 4 13.6 ∓  3.5   13.9 ∓  2.7   13.6 ∓  3.5 
 5 23.7 ∓  8.5   27.5 ∓  3.3   23.7 ∓  8.3 
 6 49.8 ∓ 17.5   46.7 ∓  9.0   48.0 ∓ 15.2 
 7 91.6 ∓ 40.8   100.0 ∓ 16.5   88.4 ∓ 34.0 
 8 172.3 ∓ 80.0   168.0 ∓ 40.3   172.1 ∓ 55.9 
 9 349.3 ∓ 159.2   335.3 ∓ 82.8   343.9 ∓ 97.6 
10 699.4 ∓ 361.3   611.3 ∓ 178.8   634.7 ∓ 209.8 
11 1217.2 ∓ 747.1   1145.4 ∓ 358.9   1178.8 ∓ 484.1 
12 2898.0 ∓ 1380.4   2103.1 ∓ 793.6   2363.0 ∓ 760.4 
13 4422.6 ∓ 3293.8   3650.9 ∓ 1371.9   3934.4 ∓ 1487.7 
14 10089.4 ∓ 6452.1   7536.3 ∓ 2926.1   8012.2 ∓ 3387.4 
15 19097.5 ∓ 12793.8   14546.5 ∓ 6081.0   15299.2 ∓ 6598.4 
16 37663.1 ∓ 28321.2   25744.0 ∓ 12795.4   27028.4 ∓ 13031.9 
17 73373.3 ∓ 55994.3   46808.9 ∓ 24533.5   49348.6 ∓ 24556.7 
18 150035.2 ∓ 108299.3   103166.6 ∓ 52464.7   105306.4 ∓ 53472.0 
19 292561.2 ∓ 210771.2   183125.7 ∓ 104965.4   189545.7 ∓ 102145.9 
20 617049.5 ∓ 450468.2   323097.4 ∓ 213634.3   340694.2 ∓ 202389.6 
21 1172641.6 ∓ 879148.5   691991.3 ∓ 413262.9   704790.2 ∓ 407143.8 
22 2099973.2 ∓ 1863285.8   1133395.1 ∓ 874492.0   1156564.2 ∓ 862152.0 
23 5435778.8 ∓ 3468245.3   2276694.5 ∓ 1621342.2   2345648.2 ∓ 1558258.5 